i=0 spin=0 isite1=1 tmp_V=-1.000000 
i=1 spin=1 isite1=1 tmp_V=1.000000 
i=2 spin=0 isite1=2 tmp_V=-1.000000 
i=3 spin=1 isite1=2 tmp_V=1.000000 
